hgt_rate 0.008048172108829021: [[1. 1. 1. 1. 1.]
 [1. 1. 1. 1. 1.]
 [1. 1. 1. 1. 1.]
 [1. 0. 1. 0. 1.]
 [1. 1. 1. 1. 1.]
 [1. 1. 1. 1. 0.]
 [1. 1. 1. 1. 1.]
 [1. 1. 1. 1. 1.]
 [1. 1. 1. 1. 1.]
 [1. 1. 1. 1. 1.]
 [0. 0. 1. 0. 0.]]
hgt_rate 0.002139264950528741: [[1. 0. 1. 0. 1.]
 [1. 1. 1. 1. 1.]
 [1. 1. 1. 1. 1.]
 [1. 1. 1. 1. 1.]
 [1. 1. 1. 1. 1.]
 [1. 0. 1. 0. 1.]
 [1. 1. 1. 1. 1.]
 [1. 1. 1. 1. 1.]
 [1. 1. 1. 1. 1.]
 [1. 1. 1. 1. 1.]
 [1. 1. 1. 1. 1.]
 [1. 1. 1. 1. 1.]
 [1. 0. 1. 1. 1.]
 [1. 1. 1. 1. 1.]
 [1. 1. 1. 1. 1.]
 [1. 1. 1. 1. 1.]
 [1. 1. 1. 1. 1.]
 [1. 0. 1. 0. 1.]
 [0. 1. 0. 1. 0.]
 [0. 0. 0. 1. 0.]]
hgt_rate 0.008916421793401241: [[1. 1. 1. 1. 1.]
 [1. 1. 1. 1. 1.]
 [1. 0. 1. 1. 1.]
 [1. 1. 0. 1. 1.]
 [1. 0. 1. 1. 1.]
 [1. 0. 1. 1. 1.]
 [0. 1. 1. 0. 1.]
 [1. 1. 1. 1. 1.]
 [1. 1. 0. 1. 1.]
 [1. 1. 1. 1. 1.]
 [0. 0. 1. 1. 1.]
 [1. 0. 1. 1. 1.]
 [1. 1. 1. 1. 1.]
 [1. 1. 1. 1. 1.]
 [0. 0. 0. 0. 0.]
 [0. 0. 0. 0. 0.]
 [1. 1. 1. 1. 0.]
 [1. 0. 0. 0. 0.]]
hgt_rate 0.004414710681885481: [[0. 1. 1. 1. 1.]
 [0. 0. 0. 0. 0.]
 [1. 1. 1. 1. 1.]
 [1. 0. 1. 1. 1.]
 [1. 1. 1. 1. 1.]
 [1. 1. 1. 1. 1.]
 [1. 1. 1. 1. 1.]
 [1. 1. 1. 1. 1.]
 [1. 0. 0. 1. 0.]
 [0. 0. 1. 0. 0.]
 [0. 1. 1. 0. 0.]
 [0. 1. 1. 0. 1.]
 [1. 0. 0. 1. 0.]
 [0. 1. 0. 0. 0.]]
hgt_rate 0.007389300502836704: [[1. 1. 1. 1. 1.]
 [1. 1. 1. 1. 1.]
 [1. 1. 1. 1. 1.]
 [1. 1. 1. 1. 1.]
 [1. 1. 1. 1. 1.]
 [1. 1. 1. 1. 1.]]
hgt_rate 0.006757842842489481: [[1. 1. 1. 1. 0.]
 [0. 0. 0. 0. 0.]
 [1. 1. 1. 1. 1.]
 [1. 1. 1. 1. 0.]
 [0. 0. 0. 0. 1.]
 [1. 1. 1. 1. 0.]
 [1. 1. 1. 1. 0.]
 [0. 0. 0. 0. 1.]
 [0. 0. 0. 0. 1.]
 [1. 1. 0. 0. 0.]
 [0. 0. 1. 1. 1.]
 [0. 0. 0. 0. 1.]
 [0. 0. 1. 1. 0.]
 [1. 1. 0. 0. 0.]]
hgt_rate 0.0021712142042815685: [[1. 1. 1. 1. 1.]
 [1. 1. 1. 1. 1.]
 [1. 1. 1. 1. 1.]
 [1. 1. 1. 1. 1.]
 [1. 1. 1. 1. 1.]
 [1. 1. 1. 1. 1.]
 [1. 1. 1. 1. 1.]
 [1. 1. 1. 1. 1.]
 [1. 1. 1. 1. 1.]
 [1. 1. 1. 1. 1.]
 [1. 1. 1. 1. 1.]
 [0. 1. 1. 1. 1.]
 [0. 0. 0. 0. 0.]
 [0. 1. 0. 0. 0.]
 [1. 0. 0. 1. 1.]]
hgt_rate 0.007624149322509766: [[1. 1. 1. 1. 1.]
 [1. 1. 1. 1. 1.]
 [1. 1. 1. 1. 1.]
 [1. 1. 1. 1. 1.]
 [1. 1. 1. 1. 1.]
 [1. 1. 1. 1. 1.]
 [1. 0. 1. 1. 0.]
 [1. 1. 1. 1. 1.]
 [1. 1. 1. 1. 1.]
 [1. 1. 1. 1. 1.]
 [1. 1. 1. 1. 1.]
 [1. 1. 1. 1. 1.]
 [1. 0. 1. 0. 0.]
 [1. 0. 0. 0. 0.]]
hgt_rate 0.00898160133510828: [[1. 0. 1. 0. 0.]
 [1. 1. 1. 0. 0.]
 [1. 1. 1. 1. 1.]
 [0. 1. 0. 1. 1.]
 [0. 0. 0. 1. 1.]
 [1. 1. 1. 1. 1.]
 [1. 1. 1. 1. 1.]
 [1. 1. 1. 0. 0.]
 [1. 1. 1. 1. 1.]
 [1. 1. 1. 1. 1.]
 [1. 0. 1. 0. 0.]
 [1. 1. 1. 0. 0.]
 [0. 0. 0. 1. 1.]
 [1. 1. 1. 1. 1.]
 [1. 1. 1. 1. 1.]
 [1. 0. 0. 0. 1.]
 [1. 0. 0. 0. 1.]]
hgt_rate 0.006259001325815916: [[0. 1. 1. 0. 1.]
 [1. 1. 1. 1. 1.]
 [1. 1. 1. 1. 1.]
 [0. 0. 0. 0. 0.]
 [1. 1. 1. 1. 1.]
 [1. 1. 1. 0. 1.]
 [0. 1. 1. 1. 1.]
 [0. 1. 1. 1. 1.]
 [1. 0. 0. 1. 0.]
 [1. 1. 1. 1. 1.]
 [1. 1. 1. 1. 1.]
 [1. 1. 1. 1. 1.]
 [1. 1. 1. 0. 1.]
 [1. 1. 1. 1. 1.]
 [1. 1. 0. 1. 1.]
 [0. 1. 0. 0. 0.]
 [0. 1. 1. 0. 1.]]
hgt_rate 0.0015186499804258347: [[1. 1. 1. 1. 1.]
 [1. 1. 1. 1. 0.]
 [1. 1. 1. 1. 1.]
 [1. 0. 1. 0. 1.]
 [1. 1. 1. 1. 1.]
 [1. 1. 1. 1. 1.]
 [1. 1. 1. 1. 1.]
 [0. 1. 0. 1. 1.]
 [0. 0. 1. 1. 1.]
 [0. 0. 1. 1. 0.]
 [1. 1. 0. 0. 0.]]
hgt_rate 0.0015711712185293436: [[0. 1. 1. 0. 1.]
 [1. 0. 0. 1. 0.]
 [1. 0. 0. 1. 0.]
 [0. 1. 1. 0. 1.]
 [1. 0. 1. 1. 1.]
 [1. 1. 1. 1. 1.]
 [0. 1. 1. 0. 1.]
 [0. 1. 1. 0. 1.]
 [0. 1. 1. 0. 1.]
 [1. 1. 1. 1. 1.]
 [1. 1. 1. 1. 1.]
 [1. 0. 1. 1. 1.]
 [1. 1. 1. 1. 1.]
 [1. 0. 0. 1. 0.]
 [0. 0. 1. 0. 1.]
 [1. 1. 1. 1. 1.]
 [1. 1. 1. 1. 1.]]
hgt_rate 0.004980185534805059: [[1. 1. 1. 1. 1.]
 [1. 1. 1. 1. 1.]
 [1. 1. 1. 1. 1.]
 [1. 1. 1. 1. 1.]
 [0. 0. 0. 0. 1.]
 [0. 0. 0. 1. 0.]]
hgt_rate 0.0029734610579907894: [[1. 1. 1. 0. 1.]
 [1. 1. 1. 1. 1.]
 [1. 1. 1. 1. 1.]
 [1. 1. 1. 1. 1.]
 [1. 1. 1. 1. 1.]
 [1. 1. 1. 1. 1.]
 [1. 1. 1. 1. 1.]
 [1. 1. 1. 1. 1.]
 [1. 1. 1. 1. 1.]
 [1. 1. 1. 1. 1.]
 [1. 1. 1. 1. 1.]]
hgt_rate 0.005140833556652069: [[1. 1. 1. 1. 1.]
 [1. 1. 1. 1. 1.]
 [1. 1. 1. 1. 1.]
 [1. 1. 1. 1. 1.]
 [1. 1. 1. 1. 1.]
 [1. 1. 1. 1. 1.]
 [1. 1. 1. 1. 1.]
 [1. 1. 1. 1. 1.]
 [0. 1. 1. 1. 1.]
 [1. 1. 1. 1. 1.]
 [1. 1. 1. 1. 1.]
 [0. 0. 1. 0. 0.]
 [0. 0. 0. 0. 1.]]
hgt_rate 0.0010038554901257157: [[1. 1. 1. 1. 1.]
 [1. 1. 1. 1. 1.]
 [1. 1. 1. 1. 1.]
 [1. 1. 1. 1. 1.]
 [1. 1. 1. 1. 1.]
 [1. 1. 1. 1. 1.]
 [1. 1. 1. 1. 1.]
 [1. 1. 1. 1. 1.]
 [1. 1. 0. 1. 1.]]
hgt_rate 0.007128645665943623: [[1. 1. 1. 1. 1.]
 [1. 1. 1. 1. 1.]
 [1. 1. 1. 1. 1.]
 [1. 0. 1. 1. 1.]
 [1. 1. 1. 1. 1.]
 [0. 1. 1. 1. 1.]
 [1. 1. 1. 1. 1.]
 [1. 1. 1. 1. 1.]
 [1. 1. 1. 1. 1.]
 [0. 0. 0. 1. 0.]
 [1. 0. 0. 1. 1.]
 [0. 0. 1. 0. 0.]]
hgt_rate 0.008729100227355957: [[1. 1. 0. 0. 0.]
 [1. 1. 1. 1. 1.]
 [0. 1. 1. 1. 1.]
 [1. 1. 1. 1. 1.]
 [1. 1. 1. 1. 1.]
 [1. 1. 1. 1. 1.]
 [1. 1. 1. 1. 1.]
 [1. 1. 1. 1. 1.]]
hgt_rate 0.006075671408325434: [[0. 0. 0. 0. 1.]
 [1. 1. 1. 1. 1.]
 [0. 0. 0. 0. 1.]
 [1. 0. 1. 0. 1.]
 [1. 1. 1. 1. 1.]
 [0. 0. 0. 0. 1.]
 [0. 1. 1. 1. 1.]
 [0. 0. 0. 0. 1.]
 [1. 1. 1. 1. 0.]
 [0. 1. 1. 1. 1.]
 [1. 1. 1. 1. 1.]
 [1. 1. 1. 1. 1.]
 [1. 1. 1. 1. 1.]
 [1. 1. 1. 1. 1.]
 [1. 1. 1. 1. 1.]
 [0. 0. 0. 0. 0.]
 [1. 0. 1. 1. 0.]
 [0. 1. 0. 0. 0.]]
hgt_rate 0.007681623566895723: [[1. 1. 1. 1. 1.]
 [1. 1. 1. 1. 1.]
 [1. 1. 1. 1. 1.]
 [1. 0. 1. 0. 1.]
 [0. 1. 0. 1. 0.]
 [0. 0. 0. 0. 0.]
 [1. 0. 1. 1. 1.]
 [1. 1. 1. 1. 1.]
 [1. 1. 1. 1. 1.]
 [0. 1. 0. 1. 0.]
 [1. 1. 1. 1. 1.]
 [0. 1. 0. 0. 0.]
 [1. 0. 1. 0. 0.]]
